7 1802
7 3538
7 5189
7 5801
7 3528
7 935
8 2357
8 5098
8 4809
8 1810
8 5968
8 624
9 1785
9 1723
9 2346
9 2167
9 1775
9 6542
10 1730
10 5082
10 1997
10 2164
10 5809
10 1108
11 2345
11 1987
11 5126
11 4522
11 1994
11 3485
12 5013
12 938
12 1737
12 1984
12 5013
12 5119
12 3172
13 5141
13 6424
13 624
13 1982
13 1825
13 2345
14 2353
14 3528
14 1986
14 1847
14 1810
14 2346
14 3528
15 1827
15 2164
15 6419
15 2874
15 1723
15 2001
16 1763
16 1775
16 5968
16 1763
16 2560
16 5801
16 1997
17 2167
17 1764
17 1777
17 5189
17 2410
17 5809
17 5809
18 1785
18 5918
18 5918
18 2357
18 1108
18 5268
18 4454
18 5268
19 4809
19 4959
19 1802
19 6542
19 5082
19 1710
20 2457
20 1730
20 1769
20 935
20 937
20 5098
21 624
21 1723
21 1763
21 938
21 938
21 938
21 1825
21 938
21 938
21 938
21 6419
22 1827
22 5126
22 2345
22 5189
22 1997
22 1737
23 2560
23 1775
23 4455
23 2335
23 3172
23 2410
24 4522
24 1710
24 2353
24 5918
24 5968
25 5809
25 2346
25 937
25 2346
25 1777
25 1769
25 3485
25 1982
26 1994
26 1730
26 5268
26 3528
26 1810
26 5119
27 4809
27 1785
27 5013
27 935
27 1847
27 2164
28 1802
28 5098
28 2167
28 1987
28 1984
28 6424
28 2874
29 5801
29 1986
29 1108
29 4959
29 2457
29 5801
30 1764
30 6542
30 5141
30 2357
30 5082
30 6542
30 2001
31 4522
31 2410
31 5119
31 1769
31 5189
31 1764
32 3485
32 624
32 1847
32 1775
32 5918
32 1730
33 3528
33 1777
33 1997
33 3172
33 6424
34 1737
34 935
34 2167
34 1710
34 2335
35 1723
35 1123
35 1123
35 1825
35 1764
35 1994
35 2560
35 5098
35 2346
36 1984
36 1785
36 1810
36 5082
36 5126
36 5801
37 4809
37 938
37 2353
37 2357
37 937
37 1827
38 1763
38 6542
38 5268
38 2457
38 1987
38 1763
38 5013
39 1982
39 2874
39 4455
39 5809
39 4959
39 5141
40 2001
40 1802
40 2001
40 5968
40 2164
40 2345
40 1986
40 1986
41 3485
41 624
41 935
41 5082
41 2410
41 3485
41 1984
42 5801
42 6419
42 937
42 5098
42 1737
42 5918
43 1777
43 3172
43 4522
43 1810
43 2167
43 1825
44 2874
44 4809
44 4809
44 2335
44 4809
44 1763
44 1764
44 3528
45 1802
45 1847
45 1108
45 5141
45 5968
45 5126
46 4959
46 2353
46 2353
46 2560
46 1723
46 1730
46 4959
46 4959
47 2457
47 4455
47 2346
47 4455
47 5119
47 2164
47 1987
48 1986
48 1785
48 6542
48 5809
48 1827
48 6424
49 938
49 1710
49 1997
49 5268
49 1769
49 2001
49 2001
49 1769
50 5013
50 5013
50 2357
50 1775
50 5189
50 1982
50 1994
50 5189
51 1764
51 2410
51 937
51 1810
51 1723
51 1108
52 1763
52 5119
52 2457
52 2167
52 2457
52 5918
52 2345
53 1827
53 5801
53 1847
53 1825
53 1827
53 1987
53 5082
54 4522
54 6542
54 1730
54 938
54 4455
54 5968
55 2335
55 2346
55 1802
55 6424
55 5013
56 1769
56 2560
56 1737
56 624
56 5189
56 2874
56 1785
57 3485
57 3485
57 1984
57 5141
57 1986
57 4809
57 1997
58 5098
58 2357
58 4959
58 6419
58 3528
58 1777
59 5268
59 3172
59 2164
59 1982
59 1710
59 5126
60 935
60 2353
60 1994
60 2001
60 1775
60 5809
61 1108
61 2346
61 5082
61 2345
61 5013
61 4522
62 1825
62 5119
62 1986
62 5968
62 2335
62 937
63 1802
63 1764
63 1997
64 1827
64 1763
64 1710
64 5189
64 5098
64 4445
65 6424
65 1730
65 2357
65 3172
66 1777
66 5268
66 1737
66 1775
67 2001
67 5141
67 1785
67 1987
67 1769
68 5918
68 624
68 5918
68 5801
68 5801
68 5918
68 5809
68 4809
68 5809
68 2457
68 5126
68 1723
69 935
69 6542
69 2560
69 1810
69 1982
69 935
69 6419
69 6542
70 2167
70 2164
70 3485
70 938
70 2167
70 4959
70 1994
70 2164
71 2346
71 5268
71 624
71 624
71 1827
71 5968
71 3172
72 1764
72 1802
72 1785
72 1777
72 1730
72 1763
72 1730
73 5098
73 5126
73 2345
73 2874
73 1775
73 2410
74 1987
74 2357
74 1986
74 2357
74 1723
74 935
74 5918
74 2357
75 938
75 2164
75 5141
75 2164
75 937
75 4522
76 2560
76 5082
76 2167
76 1737
76 1769
76 3528
76 4455
77 1982
77 1847
77 4809
77 2001
77 1108
77 5119
78 2353
78 6542
78 5801
78 5189
78 6542
78 3485
79 2335
79 2457
79 1710
79 1994
79 6419
79 1984
79 1710
79 6424
80 5809
80 1997
80 4959
80 5013
80 1810
80 1825
81 5268
81 4522
81 5098
81 1802
81 1723
81 5082
82 2167
82 5126
82 1827
82 5141
82 5119
82 935
83 1737
83 1730
83 2346
83 2410
83 1763
83 1986
84 4809
84 1764
84 3174
84 1987
84 6419
84 1775
85 3528
85 1825
85 6542
85 1108
85 1769
86 1785
86 2353
86 1982
86 4959
86 1997
86 1982
87 2345
87 2335
87 1847
87 1847
87 938
87 2357
88 1994
88 5801
88 1777
88 2164
88 2164
88 624
88 6424
89 2001
89 1810
89 2560
89 5918
89 1810
89 5189
90 3485
90 1710
90 937
90 5013
90 5968
90 1710
92 456
92 44566
92 156
92 23
92 0
92 0
2457 86
5809 87
5809 87
